20230116125802923001 0
20230116122311639001 0
20230116164523067 0
20230112163537785003 0
20230112160520324002 0
20230116130156061001 0
20230112114307631002 0
20230116132515667001 0
20230112160532539001 0
20230112142258110001 0
20230116164340153001 0
20230116125810429002 0
20230116125308967003 0
20230116124618993001 0
20230116122110692002 0
20230112160158875001 0
20230112114322988001 0
20230113155140940002 0
20230116164303019001 0
20230112114424185001 0
20230116162844198002 0
20230112112627148002 0
20230112171829207001 1
20230116165508632001 1
20230113173541532001 1
20230112114803533001 1
20230116122331545001 1
20230113162700119002 1
20230116122311639002 1
20230116165549648001 1
20230116165355889002 1
20230112161344991001 1
20230112154646116002 2
20230113160501645001 2
20230113172122815001 2
20230113163113960001 2
20230116170712667001 2
20230116170649281002 2
20230113171502404002 2
20230112171851210 2
20230113173257383002 2
20230116131721543001 2
20230113162644644 2
20230116162405167002 2
20230112112421483002 2
20230112154914264002 2
20230112163759417002 2
20230116121923460003 2
20230112104757940001 2
20230112163223143002 2
20230112094259603 2
20230116121923460002 2
20230113171348515001 2
20230112142413770001 2
20230116133114213 2
20230116165109008001 2
20230112104747504002 2
20230116165440224002 2
20230112110255978 2
20230113173640306001 2
20230113173558010002 2
20230113171337471003 2
20230116162356622001 2
20230113163421310001 2
20230113173447352001 2
20230116124823431 2
20230116162115744 2
20230116163558502001 2
20230113173604894001 2
20230116170945014002 2
20230116163542255001 2
20230113173358363 2
20230112095158344002 2
20230112163949027001 2
20230116170705471002 2
20230116131058531 2
20230116121930137 2
20230112155007363001 2
20230113171224222001 2
20230113172146565002 2
20230116165627617001 2
20230116131737883002 2
20230116121101390001 2
20230116123952434001 2
20230112095820036 2
20230112093900696 2
20230113173507008001 2
20230113171255471001 2
20230113165824058001 2
20230116123845831001 2
20230116164221826 2
20230112110744631002 2
20230113171216188002 2
20230116170408192002 2
20230116165347487001 2
20230116170355024002 2
20230113172605420002 2
20230112163713413001 2
20230116122143091002 2
20230112103241568002 2
20230116131746479 2
20230116162335886002 2
20230116125139005002 2
20230112085804506 2
20230116124419284001 2
20230116165018767001 2
20230113173454372 2
20230113153642613001 2
20230116123330875001 2
20230113163145156 2
20230116124833587 2
20230116165420295001 2
20230116122930982002 2
20230116131711700 2
20230112103334156001 2
20230113170644248002 2
20230116124459239002 2
20230116125154402002 2
20230116130328358 2
20230113162610418001 2
20230116170330106002 2
20230113163446969002 2
20230112104832534001 2
20230113173439469001 2
20230112110812618001 2
20230113174146338001 2
20230113163454082001 2
20230112163929839 2
20230116163041351001 3
20230113163410078002 3
20230116170355024001 3
20230112151759150 3
20230116165043567001 3
20230113163020952002 3
20230113163003634001 3
20230113161525215002 3
20230112102208820001 3
20230116164742512001 3
20230113172626262002 3
20230116130028086001 3
20230116170545144002 3
20230112141910085001 3
20230113171355754 3
20230113165006941 3
20230113171626784002 3
20230113173217463001 3
20230112160918860002 3
20230113163028502001 3
20230113163526633001 3
20230113163309084001 3
20230116133424525001 3
20230112102930171002 3
20230116163257726001 3
20230116170122712001 3
20230116132243795001 3
20230116163250246003 3
20230116123206142002 3
20230116161954815002 3
20230112141245312001 3
20230116122351591001 3
20230116170408192001 3
20230112164049087001 3
20230113170507132001 3
20230113174001179001 3
20230113162914541001 3
20230116161047776001 3
20230113161533749001 3
20230116165217928002 3
20230113172904765002 3
20230116170649281001 3
20230112102807470001 3
20230113152429232002 3
20230112164406594001 3
20230116163250246002 3
20230116125457717001 3
20230116170330106001 3
20230113170609862001 3
20230116164617731001 3
20230112095843748001 3
20230113173937061002 3
20230116161555912001 3
20230113163216652 3
20230113163212284 3
20230116123837516 3
20230112102758701 3
20230116132210700002 3
20230116125449028 3
20230113170626573002 3
20230113165056440 3
20230113163534745001 3
20230113170725963002 3
20230112093913330 3
20230116125506226001 3
20230113173217463002 3
20230116170625239001 3
20230116122045376 3
20230113170734607002 3
20230113172553365001 3
20230116125026406 3
20230116122752844001 3
20230112102807470002 3
20230113153612424001 3
20230113171337471001 3
20230112151751350 3
20230112083756966 3
20230116122351591002 3
20230112111826520002 3
20230113153747485001 3
20230113152330981001 3
20230116122744010001 3
20230112141926403001 3
20230113172729660001 3
20230116133517300002 3
20230113172808386001 3
20230116161123271001 3
20230112111940890001 3
20230112140951162 3
20230116123800326002 3
20230112164343256 3
20230116132051648001 3
20230112102819982002 3
20230116163832933001 3
20230113154034514001 3
20230116123304043001 3
20230112102912048002 3
20230116123206142001 3
20230112104757940002 3
20230112095129391001 3
20230113172651456001 3
20230113154538037001 4
20230116164405514 4
20230113155537911001 4
20230113155243193002 4
20230113152421463 4
20230112172358104 4
20230113172408907001 4
20230116132141526002 4
20230112103915260 4
20230116162749422001 4
20230113154528852001 4
20230112110028788002 4
20230112160935200001 4
20230112101539176001 4
20230112154745926002 4
20230113163945146003 4
20230113155243193001 4
20230116160204737002 4
20230116122428025001 4
20230113172215119001 4
20230112141255562001 4
20230116123039894 4
20230116125553603002 4
20230116132202367001 4
20230113174052206002 4
20230112110111298 4
20230112110028788001 4
20230116132202367002 4
20230113155210329 4
20230112161636656001 4
20230116133414097002 4
20230112102219400001 4
20230112114220588 4
20230113162405729001 4
20230112114812862002 4
20230113160443331 4
20230113155441537002 4
20230116133226924001 4
20230112140806752001 4
20230116130206676 4
20230113163741142001 4
20230113154938337 4
20230112104805959001 4
20230112142802574001 4
20230112105921910002 4
20230112110958603002 4
20230116170228871001 4
20230116121706657001 4
20230112141910085002 4
20230116161640695 4
20230112172330448001 4
20230116164349058 4
20230116125601044002 4
