13333_2021.11_0002_54971718 0 0 0 0
13333_2021.11_0002_54971654 0 0 1 0
13333_2021.11_0002_54971794 0 0 0 0
13333_2021.11_0002_54971699 0 0 0 0
13333_2021.11_0002_54971818 0 0 0 0
13333_2021.11_0002_54971678 0 0 0 0
13333_2021.11_0002_54971772 0 0 0 0
13333_2021.11_0002_54971690 0 0 0 0
13333_2021.11_0002_54971811 0 0 0 0
13333_2021.11_0002_54971730 0 0 0 0
13333_2021.11_0002_54971866 1 0 0 1
13333_2021.11_0002_54971746 0 0 0 0
13333_2021.11_0002_54970660 0 0 1 0
13333_2021.11_0002_54971799 0 0 0 0
13333_2021.11_0002_54971664 0 0 1 0
13333_2021.11_0002_54971830 0 0 0 0
13333_2021.11_0002_54971837 0 0 1 0
13333_2021.11_0002_54971846 0 0 0 0
13333_2021.11_0002_54971806 0 0 0 0
13333_2021.11_0002_54971739 0 0 0 0
13333_2021.11_0002_54971845 0 0 0 0
13333_2021.12_0007_57297497 1 0 0 0
13333_2021.12_0007_57297486 1 0 0 1
13333_2021.12_0007_57297515 0 0 1 0
13333_2021.12_0007_57297492 1 0 0 0
13333_2021.12_0007_57297415 1 0 0 0
13333_2021.12_0007_57297468 1 1 1 1
13333_2021.12_0007_57297457 1 1 0 1
13333_2021.12_0007_57297453 1 0 0 0
13333_2021.12_0007_57297464 1 1 1 0
13333_2021.12_0007_57297413 1 0 0 0
13333_2021.12_0007_57297477 1 0 0 1
13333_2021.12_0007_57297426 1 0 0 0
13333_2021.12_0007_57297466 0 1 1 1
13333_2021.12_0007_57297475 0 1 1 1
13333_2021.12_0007_57297483 1 0 0 1
13333_2021.12_0007_57297412 1 0 0 0
13333_2021.12_0007_57297444 1 0 0 0
13333_2021.12_0007_57297439 1 1 0 0
13333_2021.12_0007_57297521 0 0 0 0
13333_2021.12_0007_57297501 0 1 0 0
13333_2021.12_0007_57297526 1 1 1 0
13333_2021.12_0007_57297495 0 1 0 0
13333_2021.12_0007_57297519 0 0 0 0
13333_2021.12_0007_57297435 1 1 0 0
13333_2021.12_0007_57297417 1 0 0 0
13333_2021.12_0007_57297428 1 0 0 0
13333_2021.12_0007_57297448 1 0 0 1
13333_2021.12_0007_57297459 1 0 0 1
13333_2021.12_0007_57297470 1 1 0 1
13333_2021.12_0007_57297508 0 0 0 0
13333_2021.12_0007_57297510 1 0 0 0
13333_2021.12_0007_57297488 1 1 0 0
13333_2021.12_0007_57297506 0 0 0 0
13333_2021.12_0007_57297433 1 1 1 0
13333_2021.12_0007_57297503 0 1 0 0
13333_2021.12_0007_57297512 1 0 0 0
13333_2021.12_0007_57297461 1 0 0 1
13333_2021.12_0007_57297450 1 0 0 1
13333_2021.12_0007_57297424 1 0 0 0
13333_2021.12_0007_57297490 1 0 0 1
13333_2021.12_0007_57297481 1 0 0 1
13333_2021.12_0007_57297446 0 0 0 0
13333_2021.12_0007_57297517 0 1 0 0
13333_2021.12_0007_57297430 1 1 1 0
13333_2021.12_0007_57297479 1 0 0 1
13333_2021.12_0007_57297419 1 0 0 0
13333_2021.12_0007_57297524 0 0 1 0
13333_2021.12_0007_57297422 1 0 0 0
13333_2021.12_0007_57297441 1 0 0 0
13333_2021.12_0007_57297499 0 1 0 0
13333_2021.12_0007_57297455 1 0 0 1
13333_2021.12_0007_57297472 0 1 0 1
13333_2021.12_0007_57297437 1 1 0 0
13333_2021.12_0006_55977222 1 1 0 0
13333_2021.12_0006_55977210 0 1 0 0
13333_2021.12_0006_55977223 0 1 0 0
13333_2021.12_0006_55977215 1 0 0 0
13333_2021.12_0006_55977207 0 1 0 0
13333_2021.12_0006_55977220 0 1 0 0
13333_2021.12_0006_55977214 1 0 0 0
13333_2021.12_0006_55977213 0 0 0 0
13333_2021.12_0006_55977218 0 0 0 0
13333_2021.12_0006_55977219 0 1 0 0
13333_2021.12_0006_55977217 0 1 0 0
13333_2021.12_0006_55977206 0 0 0 0
13333_2021.12_0006_55977212 0 0 0 0
13333_2021.12_0006_55977221 0 1 0 0
13333_2021.12_0006_55977211 0 1 0 0
13333_2021.12_0006_55977205 0 1 0 0
13333_2021.12_0009_56515000 0 0 0 0
13333_2021.12_0009_56515883 0 0 0 0
13333_2021.12_0009_56515495 0 0 0 0
13333_2021.12_0009_56515726 0 0 0 0
13333_2021.12_0009_56515365 0 0 1 0
13333_2021.12_0009_56515670 0 0 0 0
13333_2021.12_0009_56515491 0 0 0 0
13333_2021.12_0009_56515792 0 0 0 0
13333_2021.12_0009_56515578 0 0 0 0
13333_2021.12_0009_56515469 0 1 1 0
13333_2021.12_0009_56515503 0 0 0 0
13333_2021.12_0009_56515757 0 0 0 0
13333_2021.12_0009_56515566 0 0 0 0
13333_2021.12_0009_56515492 0 0 0 0
13333_2021.12_0009_56515597 0 0 0 0
13333_2021.12_0009_56515890 0 0 0 0
13333_2021.12_0009_56515806 0 0 0 0
13333_2021.12_0009_56515551 0 0 0 0
13333_2021.12_0009_56515510 0 0 0 0
13333_2021.12_0009_56515337 0 1 1 0
13333_2021.12_0009_56515743 0 0 0 0
13333_2021.12_0009_56515691 0 0 0 0
13333_2021.12_0009_56515617 0 0 0 0
13333_2021.12_0009_56514185 0 0 1 0
13333_2021.12_0009_56515493 0 0 0 0
13333_2021.12_0009_56515857 0 0 0 0
13333_2021.12_0009_56514471 0 0 1 0
13333_2021.12_0009_56514302 1 1 0 0
13333_2021.12_0009_56515464 0 1 0 0
13333_2021.12_0009_56515367 0 0 0 0
13333_2021.12_0009_56515490 0 0 0 0
13333_2021.12_0009_56514460 0 0 1 0
13333_2021.12_0009_56515864 0 0 0 0
13333_2021.12_0009_56515501 0 0 0 0
13333_2021.12_0009_56515488 0 0 0 0
13333_2021.12_0009_56515489 0 0 0 0
13333_2021.12_0009_56515487 0 0 0 1
13333_2021.12_0009_56515558 0 0 0 0
13333_2021.12_0009_56515711 0 0 0 0
13333_2021.12_0009_56515834 0 0 0 0
13333_2021.12_0009_56514465 0 0 1 0
13333_2021.12_0009_56515500 0 0 0 0
13333_2021.12_0009_56515496 0 0 0 0
13333_2021.12_0009_56515481 0 1 1 0
13333_2021.12_0009_56515509 0 0 0 0
13333_2021.12_0009_56515504 0 0 1 0
13333_2021.12_0009_56515506 0 0 0 0
13333_2021.12_0009_56515629 0 0 0 0
13333_2021.12_0009_56514383 0 0 1 0
13333_2021.12_0009_56515900 0 0 0 0
13333_2021.07_0003_49851461 0 1 0 0
13333_2021.07_0003_49851360 0 0 0 0
13333_2021.07_0003_49851405 0 1 0 0
13333_2021.07_0003_49851378 0 1 0 0
13333_2021.07_0003_49851438 0 1 0 0
13333_2021.07_0003_49851388 0 1 0 0
13333_2021.07_0003_49851407 0 1 0 0
13333_2021.07_0003_49851468 0 0 0 0
13333_2021.07_0003_49851479 0 0 0 0
13333_2021.07_0003_49851409 0 1 0 0
13333_2021.07_0003_49851387 0 1 0 0
13333_2021.07_0003_49851365 0 0 0 0
13333_2021.07_0003_49851491 0 1 0 0
13333_2021.07_0003_49851389 0 1 0 0
13333_2021.07_0003_49851451 0 1 0 0
13333_2021.07_0003_49851368 0 0 0 0
13333_2021.07_0003_49851434 0 1 0 0
13333_2021.07_0003_49851443 1 0 0 0
13333_2021.07_0003_49851351 0 0 0 0
13333_2021.07_0003_49851377 0 1 0 0
13333_2021.07_0003_49851347 0 1 0 0
13333_2021.07_0003_49851383 0 1 0 0
13333_2021.07_0003_49851400 0 1 0 0
13333_2021.07_0003_49851412 0 1 0 0
13333_2021.07_0003_49851356 0 0 0 0
13333_2021.07_0003_49851447 1 0 0 0
13333_2021.07_0003_49851367 0 0 0 0
13333_2021.07_0003_49851481 0 0 0 0
13333_2021.07_0003_49851417 0 1 0 0
13333_2021.07_0003_49851415 0 1 0 0
13333_2021.07_0003_49851453 0 1 0 0
13333_2021.07_0003_49851445 1 0 0 0
13333_2021.07_0003_49851422 0 1 0 0
13333_2021.07_0003_49851370 1 0 0 0
13333_2021.07_0003_49851429 0 1 0 0
13333_2021.07_0003_49851371 0 1 0 0
13333_2021.07_0003_49851458 0 0 0 0
13333_2021.07_0003_49851373 0 1 0 0
13333_2021.07_0003_49851355 0 0 0 0
13333_2021.07_0003_49851311 0 1 0 0
13333_2021.07_0003_49851361 0 0 0 0
13333_2021.07_0003_49851386 0 1 0 0
13333_2021.07_0003_49851459 0 1 0 0
13333_2021.07_0003_49851366 0 0 0 0
13333_2021.07_0003_49851441 0 1 0 0
13333_2021.07_0003_49851384 0 1 0 0
13333_2021.07_0003_49851431 0 1 0 0
13333_2021.07_0003_49851398 0 0 0 0
13333_2021.07_0003_49851380 0 1 0 0
13333_2021.07_0003_49851490 0 1 0 0
13333_2021.07_0003_49851474 1 0 0 0
13333_2021.07_0003_49851486 0 1 0 0
13333_2021.07_0003_49851372 0 1 0 0
13333_2021.07_0003_49851432 0 1 0 0
13333_2021.07_0003_49851358 0 0 0 0
13333_2021.07_0003_49851454 0 0 0 0
13333_2021.07_0003_49851396 0 1 0 0
13333_2021.07_0003_49851382 0 1 0 0
13333_2021.07_0003_49851470 0 1 0 0
13333_2021.07_0003_49851369 0 0 0 0
13333_2021.07_0003_49851393 0 1 0 0
13333_2021.07_0003_49851428 0 1 0 0
13333_2021.07_0003_49851473 0 0 0 0
13333_2021.07_0003_49851436 0 1 0 0
13333_2021.07_0003_49851426 0 1 0 0
13333_2021.07_0003_49851395 0 1 0 0
13333_2021.07_0003_49851420 0 1 0 0
13333_2021.07_0003_49851284 0 1 0 0
13333_2021.07_0003_49851477 0 1 0 0
13333_2021.07_0003_49851352 0 0 0 0
13333_2021.07_0003_49851364 0 0 0 0
13333_2021.07_0003_49851401 0 1 0 0
13333_2021.07_0003_49851492 0 1 0 0
13333_2021.07_0003_49851440 0 1 0 0
13333_2021.07_0003_49851362 0 0 0 0
13333_2021.07_0003_49851424 0 1 0 0
13333_2021.07_0003_49851463 0 1 0 0
13333_2021.07_0003_49851379 0 1 0 0
13333_2021.07_0003_49851449 0 0 0 0
13333_2021.07_0003_49851489 0 1 0 0
13333_2021.07_0003_49851465 0 1 0 0
13333_2021.07_0003_49851283 0 1 0 0
13333_2021.07_0003_49851411 0 1 0 0
13333_2021.07_0003_49851390 0 1 0 0
13333_2021.07_0003_49851419 0 1 0 0
13333_2021.07_0003_49851452 0 0 0 0
13333_2021.07_0003_49851317 0 0 0 0
13333_2021.07_0003_49851456 0 0 0 0
13333_2021.07_0003_49851282 0 1 0 0
13333_2021.07_0003_49851403 0 1 0 0
13333_2021.07_0003_49851485 0 1 0 0
13333_2021.07_0003_49851423 0 1 0 0
13333_2021.07_0003_49851483 0 1 0 0
13333_2021.07_0003_49851375 0 0 0 0
13333_2021.07_0003_49851376 0 1 0 0
13333_2021.07_0001_50071255 0 0 0 0
13333_2021.07_0001_50071448 0 0 0 0
13333_2021.07_0001_50072288 0 0 0 0
13333_2021.07_0001_50071737 0 0 0 0
13333_2021.07_0001_50071369 0 0 0 0
13333_2021.07_0001_50071693 0 0 0 0
13333_2021.07_0001_50072071 0 0 0 0
13333_2021.07_0001_50072027 0 0 0 0
13333_2021.07_0001_50071375 0 0 0 0
13333_2021.07_0001_50071409 0 0 0 0
13333_2021.07_0001_50072119 1 1 1 0
13333_2021.07_0001_50072045 0 0 0 0
13333_2021.07_0001_50072106 1 1 0 0
13333_2021.07_0001_50071683 0 0 0 0
13333_2021.07_0001_50071383 0 0 0 0
13333_2021.07_0001_50071775 0 0 0 0
13333_2021.07_0001_50071535 0 0 0 0
13333_2021.07_0001_50071546 0 0 0 0
13333_2021.07_0001_50071433 0 0 0 0
13333_2021.07_0001_50071486 0 1 0 0
13333_2021.07_0001_50072198 1 0 1 0
13333_2021.07_0001_50072470 1 0 1 0
13333_2021.07_0001_50071918 0 0 0 0
13333_2021.07_0001_50071362 0 1 0 0
13333_2021.07_0001_50072170 1 0 1 0
13333_2021.07_0001_50071720 0 0 0 0
13333_2021.07_0001_50071987 0 0 0 0
13333_2021.07_0001_50072151 1 1 1 0
13333_2021.07_0001_50071336 0 1 0 0
13333_2021.07_0001_50071402 0 0 0 0
13333_2021.07_0001_50071794 0 0 0 0
13333_2021.07_0001_50071623 0 0 0 0
13333_2021.07_0001_50071471 0 0 0 0
13333_2021.07_0001_50072291 0 1 0 0
13333_2021.07_0001_50071636 0 0 0 0
13333_2021.07_0001_50071217 0 0 0 0
13333_2021.07_0001_50072097 0 0 0 0
13333_2021.07_0001_50071931 0 0 0 0
13333_2021.07_0001_50072032 0 0 0 0
13333_2021.07_0001_50072114 1 0 0 0
13333_2021.07_0001_50071493 0 0 0 0
13333_2021.07_0001_50071866 0 0 0 0
13333_2021.07_0001_50071856 0 0 0 0
13333_2021.07_0001_50071901 0 0 0 0
13333_2021.07_0001_50071516 0 0 0 0
13333_2021.07_0001_50072802 1 0 1 0
13333_2021.07_0001_50072200 1 0 1 0
13333_2021.07_0001_50072313 1 0 1 0
13333_2021.07_0000_50128488 0 0 0 0
13333_2021.07_0000_50128428 1 0 0 0
13333_2021.07_0000_50128479 0 0 0 0
13333_2021.07_0000_50128485 0 0 0 0
13333_2021.07_0000_50128421 0 0 0 0
13333_2021.07_0000_50128435 1 0 0 0
13333_2021.07_0000_50128443 1 0 0 0
13333_2021.07_0000_50128426 1 0 0 0
13333_2021.07_0000_50128510 0 0 0 0
13333_2021.07_0000_50128513 0 0 0 0
13333_2021.07_0000_50128439 1 0 0 0
13333_2021.07_0000_50128541 0 0 0 0
13333_2021.07_0000_50128442 1 0 0 0
13333_2021.07_0000_50128502 0 0 0 0
13333_2021.07_0000_50128494 0 0 0 0
13333_2021.07_0000_50128477 0 0 0 0
13333_2021.07_0000_50128484 0 0 0 0
13333_2021.07_0000_50128419 0 0 0 0
13333_2021.07_0000_50128472 0 0 0 0
13333_2021.07_0000_50128474 0 0 0 0
13333_2021.07_0000_50128501 0 0 0 0
13333_2021.07_0000_50128504 0 0 0 0
13333_2021.07_0000_50128498 0 0 0 0
13333_2021.07_0000_50128491 0 0 0 0
13333_2021.07_0000_50128490 0 0 0 0
13333_2021.07_0000_50128420 0 0 0 0
13333_2021.07_0000_50128486 0 0 0 0
13333_2021.07_0000_50128499 0 0 0 0
13333_2021.07_0000_50128495 0 0 0 0
13333_2021.07_0000_50128470 0 0 0 0
13333_2021.07_0000_50128464 1 1 1 0
13333_2021.07_0000_50128467 1 1 1 0
13333_2021.07_0000_50128524 0 0 0 0
13333_2021.07_0000_50128478 0 0 0 0
13333_2021.07_0000_50128423 0 0 0 0
13333_2021.07_0000_50128475 0 0 0 0
13333_2021.07_0000_50128538 0 0 0 0
13333_2021.07_0000_50128487 0 0 0 0
13333_2021.07_0000_50128489 0 0 0 0
13333_2021.07_0000_50128496 0 0 0 0
13333_2021.07_0000_50128430 1 0 0 0
13333_2021.07_0000_50128493 0 0 0 0
13333_2021.07_0000_50128476 0 0 0 0
13333_2021.07_0000_50128446 1 0 0 0
13333_2021.07_0000_50128535 0 0 0 0
13333_2021.07_0000_50128516 0 0 0 0
13333_2021.07_0000_50128542 0 0 0 0
13333_2021.07_0000_50128471 0 0 0 0
13333_2021.07_0000_50128434 1 0 0 0
13333_2021.07_0000_50128483 0 0 0 0
13333_2021.07_0000_50128500 0 0 0 0
13333_2021.07_0000_50128505 0 0 0 0
13333_2021.07_0000_50128481 0 0 0 0
13333_2021.07_0000_50128482 0 0 0 0
13333_2021.07_0000_50128497 0 0 0 0
13333_2021.07_0000_50128531 0 0 0 0
13333_2021.07_0000_50128527 0 0 0 0
13333_2021.07_0000_50128451 1 1 1 0
13333_2021.07_0000_50128452 1 0 1 0
13333_2021.07_0000_50128427 0 0 0 0
13333_2021.07_0000_50128473 0 0 0 0
13333_2021.07_0000_50128503 0 0 0 0
13333_2021.07_0000_50128455 1 1 1 0
13333_2021.07_0000_50128422 0 0 0 0
13333_2021.07_0000_50128425 1 0 0 0
13333_2021.07_0000_50128506 0 0 0 0
13333_2021.09_0003_51743321 0 0 0 0
13333_2021.09_0003_51743351 1 0 0 0
13333_2021.09_0003_51743350 0 1 0 0
13333_2021.09_0003_51743353 1 1 0 0
13333_2021.09_0003_51743343 0 1 0 0
13333_2021.09_0003_51743348 0 1 0 0
13333_2021.09_0003_51743205 0 0 0 0
13333_2021.09_0003_51743234 0 0 0 0
13333_2021.09_0003_51743331 0 1 1 0
13333_2021.09_0003_51743347 0 0 0 0
13333_2021.09_0003_51743354 0 0 0 0
13333_2021.09_0003_51743202 0 0 0 0
13333_2021.09_0003_51743349 0 0 0 0
13333_2021.09_0003_51743315 0 0 0 0
13333_2021.09_0003_51743305 0 0 0 0
13333_2021.09_0003_51743352 0 0 1 0
13333_2021.09_0003_51743225 1 0 0 0
13333_2021.09_0002_51747303 1 1 0 0
13333_2021.09_0002_51747301 1 1 1 0
13333_2021.09_0002_51747297 1 0 1 1
13333_2021.09_0002_51747300 1 1 0 0
13333_2021.09_0002_51747299 1 0 1 0
13333_2021.09_0002_51747298 0 1 1 0
13333_2021.09_0002_51747302 1 1 0 0
13333_2021.09_0001_51688951 1 0 0 1
13333_2021.09_0001_51688686 0 0 1 1
13333_2021.09_0001_51688679 0 0 1 1
13333_2021.09_0001_51688680 0 0 0 1
13333_2021.09_0001_51689177 0 0 1 0
13333_2021.09_0001_51688677 0 0 1 1
13333_2021.09_0001_51688953 1 0 0 1
13333_2021.09_0001_51689179 1 0 0 1
13333_2021.09_0001_51688957 1 0 0 1
13333_2021.09_0001_51688573 0 0 0 0
13333_2021.09_0001_51688927 0 0 0 1
13333_2021.09_0001_51689688 1 0 0 1
13333_2021.09_0001_51689168 1 0 0 0
13333_2021.09_0001_51689166 1 0 0 0
13333_2021.09_0001_51689649 1 0 0 1
13333_2021.09_0001_51688919 0 0 0 1
13333_2021.09_0001_51688961 0 0 0 1
13333_2021.09_0001_51688676 0 0 1 1
13333_2021.09_0001_51688920 0 0 0 1
13333_2021.09_0001_51689916 1 1 0 0
13333_2021.09_0001_51688913 0 0 0 1
13333_2021.09_0001_51688916 0 0 0 1
13333_2021.09_0001_51689673 1 0 0 1
13333_2021.09_0001_51688684 0 0 1 1
13333_2021.09_0001_51688586 1 0 1 0
13333_2021.09_0001_51689173 1 0 0 0
13333_2021.09_0001_51688929 0 0 0 1
13333_2021.09_0001_51688673 0 0 0 1
13333_2021.09_0001_51688917 0 0 0 1
13333_2021.09_0001_51688577 0 0 0 0
13333_2021.09_0001_51689919 1 0 1 0
13333_2021.09_0001_51688685 0 0 0 1
13333_2021.09_0001_51689646 1 0 0 1
13333_2021.09_0001_51688926 0 0 0 1
13333_2021.09_0001_51688921 0 0 0 1
13333_2021.09_0001_51689172 1 0 0 0
13333_2021.09_0001_51688678 0 0 1 1
13333_2021.09_0001_51689176 0 0 0 0
13333_2021.09_0001_51688933 1 0 0 1
13333_2021.09_0001_51688934 0 0 0 1
13333_2021.09_0001_51689914 0 1 1 0
13333_2021.09_0001_51688576 1 0 0 0
13333_2021.09_0001_51688930 0 0 0 1
13333_2021.09_0001_51688928 0 0 0 1
13333_2021.09_0001_51688580 1 0 0 0
13333_2021.09_0001_51688931 1 0 0 1
13333_2021.09_0001_51688936 1 0 0 1
13333_2021.09_0001_51688954 1 0 0 1
13333_2021.09_0001_51689171 1 0 0 0
13333_2021.09_0001_51688952 1 0 0 1
13333_2021.09_0001_51688937 1 0 0 1
13333_2021.09_0001_51688670 0 0 0 1
13333_2021.09_0001_51688922 0 0 0 0
13333_2021.09_0001_51688932 1 0 0 1
13333_2021.09_0001_51688674 0 0 0 1
13333_2021.09_0001_51688918 0 0 0 1
13333_2021.09_0001_51689170 1 0 0 0
13333_2021.09_0001_51689915 0 1 0 0
13333_2021.09_0001_51688575 0 0 0 0
13333_2021.09_0001_51688881 0 0 0 1
13333_2021.09_0001_51689178 0 0 1 0
13333_2021.09_0001_51688935 1 0 0 1
13333_2021.09_0001_51688956 1 0 0 1
13333_2021.09_0001_51688958 1 0 0 1
13333_2021.09_0001_51688687 0 0 1 1
13333_2021.09_0001_51688682 0 0 0 1
13333_2021.09_0001_51688949 1 0 0 1
13333_2021.09_0001_51688583 1 0 1 0
13333_2021.09_0001_51689175 1 0 0 0
13333_2021.09_0001_51688950 1 0 0 1
13333_2021.09_0001_51689169 1 0 0 0
13333_2021.09_0001_51688959 1 0 0 1
13333_2021.09_0001_51689658 1 0 0 1
13333_2021.09_0001_51688574 0 0 0 0
13333_2021.09_0001_51689181 0 0 0 0
13333_2021.09_0001_51688672 0 0 0 1
13333_2021.09_0001_51688572 0 0 0 0
13333_2021.09_0001_51688688 0 0 1 1
13333_2021.09_0001_51688681 0 0 1 1
13333_2021.09_0001_51688948 1 0 0 1
13333_2021.09_0001_51688675 0 0 1 1
13333_2021.09_0001_51688923 0 0 0 1
13333_2021.09_0001_51689167 1 0 1 0
13333_2021.09_0001_51688924 0 0 0 1
13333_2021.09_0001_51689912 0 0 0 1
13333_2021.09_0001_51688925 0 0 0 1
13333_2021.09_0001_51688955 1 0 0 1
13333_2021.09_0001_51688669 0 0 0 1
13333_2021.09_0001_51688683 0 0 1 1
13333_2021.09_0004_52719141 0 0 0 0
13333_2021.09_0004_52719045 0 0 0 0
13333_2021.09_0004_52719060 0 0 0 0
13333_2021.09_0004_52719674 0 0 1 0
13333_2021.09_0004_52719508 0 0 1 0
13333_2021.09_0004_52719617 0 0 1 0
13333_2021.09_0004_52719126 0 0 0 0
13333_2021.09_0004_52719046 0 0 0 0
13333_2021.09_0004_52720383 0 0 0 0
13333_2021.09_0004_52719472 0 0 0 0
13333_2021.09_0004_52719142 0 0 0 0
13333_2021.09_0004_52719197 0 0 0 0
13333_2021.09_0004_52719084 0 0 0 0
13333_2021.09_0004_52720485 0 0 0 0
13333_2021.09_0004_52720500 0 0 1 0
13333_2021.09_0004_52719144 0 0 0 0
13333_2021.09_0004_52718387 0 0 0 0
13333_2021.09_0005_52292070 1 0 0 0
13333_2021.09_0005_52292503 1 0 0 0
13333_2021.09_0005_52291830 1 0 0 0
13333_2021.09_0005_52293108 0 0 0 0
13333_2021.09_0005_52292530 1 1 1 0
13333_2021.09_0005_52292442 1 0 1 0
13333_2021.09_0005_52291888 1 0 0 0
13333_2021.09_0005_52291631 1 0 0 0
13333_2021.09_0005_52292405 1 1 0 0
13333_2021.09_0005_52292441 1 1 0 0
13333_2021.09_0005_52291745 1 0 0 0
13333_2021.09_0005_52291934 1 0 0 0
13333_2021.09_0005_52292837 1 0 0 0
13333_2021.09_0005_52291469 1 1 1 0
13333_2021.09_0005_52292351 0 0 0 0
13333_2021.09_0005_52292521 1 1 1 0
13333_2021.09_0005_52291994 1 0 0 0
13333_2021.09_0005_52292695 1 0 1 0
13333_2021.09_0005_52292083 1 0 1 0
13333_2021.09_0005_52293095 1 0 1 0
13333_2021.09_0005_52292889 1 0 0 0
13333_2021.09_0005_52291670 1 0 0 0
13333_2021.09_0005_52292291 1 0 0 0
13333_2021.09_0005_52291501 1 0 0 0
13333_2021.09_0005_52291735 0 0 0 0
13333_2021.08_0007_51346048 0 0 1 1
13333_2021.08_0007_51345236 0 1 1 0
13333_2021.08_0007_50950824 0 0 1 1
13333_2021.08_0007_51343719 1 1 0 0
13333_2021.08_0007_51346424 1 0 1 0
13333_2021.08_0007_50954012 0 1 0 0
13333_2021.08_0007_50955025 0 0 1 0
13333_2021.08_0007_50951398 0 1 1 0
13333_2021.08_0007_51346049 0 0 1 1
13333_2021.08_0007_51346425 1 0 0 0
13333_2021.08_0007_50953156 0 0 1 0
13333_2021.08_0007_51342969 0 1 1 0
13333_2021.08_0007_51342960 0 1 1 0
13333_2021.08_0007_50953340 0 0 1 0
13333_2021.08_0007_51346052 0 0 1 1
13333_2021.08_0007_51345154 1 1 0 0
13333_2021.08_0007_51345995 0 0 0 1
13333_2021.08_0007_50951400 0 0 1 0
13333_2021.08_0007_51346099 0 0 1 1
13333_2021.08_0007_51342586 0 0 1 0
13333_2021.08_0007_50953537 0 0 1 0
13333_2021.08_0007_51342513 0 0 0 0
13333_2021.08_0007_51342947 0 0 1 0
13333_2021.08_0007_50950777 0 0 1 0
13333_2021.08_0007_51343296 0 0 0 0
13333_2021.08_0007_51345941 0 1 0 0
13333_2021.08_0007_50953410 0 0 0 0
13333_2021.08_0007_51341839 0 0 1 0
13333_2021.08_0007_50953074 0 0 0 0
13333_2021.08_0007_51342942 0 1 0 0
13333_2021.08_0007_51346427 1 0 0 0
13333_2021.08_0007_50955107 0 0 0 0
13333_2021.08_0007_51346335 0 0 0 1
13333_2021.08_0007_50953118 0 0 1 0
13333_2021.08_0007_51343297 0 0 1 0
13333_2021.08_0007_51342937 0 0 0 0
13333_2021.08_0007_51345996 0 1 0 1
13333_2021.08_0007_50953515 0 1 1 0
13333_2021.08_0007_50953024 0 0 0 0
13333_2021.08_0007_51343714 1 1 0 0
13333_2021.08_0007_51344971 0 0 1 0
13333_2021.08_0007_50953050 0 0 0 0
13333_2021.08_0007_50951395 0 0 0 0
13333_2021.08_0007_50952962 0 1 0 0
13333_2021.08_0007_51342929 0 0 1 0
13333_2021.08_0007_50953344 0 0 1 0
13333_2021.08_0007_51345153 0 0 1 0
13333_2021.08_0007_50953031 0 0 0 0
13333_2021.08_0007_51341842 0 0 1 0
13333_2021.08_0007_51341880 0 0 1 0
13333_2021.08_0007_50955028 0 0 1 0
13333_2021.08_0007_50953469 0 0 1 0
13333_2021.08_0007_51343198 1 1 0 0
13333_2021.08_0007_51343717 1 1 0 0
13333_2021.08_0007_51342950 0 1 1 0
13333_2021.08_0007_50953037 1 0 0 0
13333_2021.08_0007_50954576 0 1 1 0
13333_2021.08_0007_51345994 0 0 0 1
13333_2021.08_0007_51342211 0 0 1 0
13333_2021.08_0007_51342932 0 0 0 0
13333_2021.08_0007_50955118 0 0 0 0
13333_2021.08_0007_50953371 0 0 0 0
13333_2021.08_0007_50954371 0 1 1 0
13333_2021.08_0007_51341619 0 0 1 0
13333_2021.08_0007_50951396 0 0 1 0
13333_2021.08_0007_51343705 0 0 1 0
13333_2021.08_0007_51342955 0 1 0 0
13333_2021.08_0007_50955104 0 0 1 0
13333_2021.08_0007_51342924 0 0 1 0
13333_2021.08_0007_50953092 0 0 0 0
13333_2021.08_0007_50953011 0 0 0 0
13333_2021.08_0007_50955084 0 1 0 0
13333_2021.08_0007_51341580 0 0 1 0
13333_2021.08_0007_51342964 0 1 1 0
13333_2021.08_0007_50953059 0 0 0 0
13333_2021.08_0007_51343709 0 0 1 0
13333_2021.08_0007_51342973 1 0 0 0
13333_2021.08_0007_50955126 1 0 0 0
13333_2021.08_0007_51343722 1 0 0 0
13333_2021.08_0007_50953564 0 0 0 0
13333_2021.08_0007_51343711 1 1 0 0
13333_2021.08_0007_50951391 0 0 0 0
13333_2021.08_0007_51340501 1 0 0 0
13333_2021.08_0007_50953046 0 0 0 0
13333_2021.08_0007_51345997 0 1 0 1
13333_2021.08_0007_50953067 0 0 0 0
13333_2021.08_0007_51343398 0 0 1 0
13333_2021.08_0004_51381902 1 1 0 0
13333_2021.08_0004_51380823 1 1 0 0
13333_2021.08_0004_51382125 1 1 0 0
13333_2021.08_0004_51381618 1 1 0 1
13333_2021.08_0004_51381104 1 1 0 1
13333_2021.08_0004_51382077 0 1 0 0
13333_2021.08_0004_51382149 0 0 0 0
13333_2021.08_0004_51381711 0 1 0 0
13333_2021.08_0004_51380738 1 1 0 0
13333_2021.08_0004_51380737 1 1 0 0
13333_2021.08_0004_51381317 1 1 0 0
13333_2021.08_0004_51381059 1 1 1 0
13333_2021.08_0004_51382139 1 1 0 0
13333_2021.08_0004_51380821 1 1 0 0
13333_2021.08_0004_51380739 1 1 0 0
13333_2021.08_0004_51380736 1 1 0 0
13333_2021.08_0004_51380820 1 1 0 0
13333_2021.08_0004_51381802 1 1 0 0
13333_2021.08_0004_51381662 0 1 0 0
13333_2021.08_0004_51380741 1 1 0 0
13333_2021.01_0003_41332353 1 0 0 0
13333_2021.01_0003_41583318 0 0 1 0
13333_2021.01_0003_41583111 0 0 0 0
13333_2021.01_0003_41583307 0 0 1 0
13333_2021.01_0003_41583338 1 1 1 0
13333_2021.01_0003_41332455 0 0 1 0
13333_2021.01_0003_41331736 1 1 1 0
13333_2021.01_0003_41332262 0 0 0 0
13333_2021.01_0003_41332083 0 0 1 0
13333_2021.01_0003_41332456 0 0 0 0
13333_2021.01_0003_41332452 0 1 0 0
13333_2021.01_0003_41583237 0 0 1 0
13333_2021.01_0003_41332193 0 0 0 0
13333_2021.01_0003_41332454 0 1 0 0
13333_2021.01_0003_41332150 0 0 1 0
13333_2021.01_0003_41583112 0 1 0 0
13333_2021.01_0003_41583369 1 0 1 0
13333_2021.01_0003_41332453 0 0 1 0
13333_2021.01_0003_41583339 0 1 1 0
13333_2021.01_0003_41583135 0 1 0 0
13333_2021.01_0003_41332457 0 0 1 0
13333_2021.01_0003_41332458 0 0 1 0
13333_2021.01_0003_41332459 0 1 0 0
13333_2021.01_0003_41332418 1 0 0 0
13333_2021.01_0003_41332451 0 1 1 0
13333_2021.01_0003_41583134 1 0 1 0
13333_2021.01_0004_41724070 0 1 0 0
13333_2021.01_0004_41723550 0 1 0 0
13333_2021.01_0004_41724569 0 0 0 0
13333_2021.01_0004_41724078 0 0 0 0
13333_2021.01_0004_41723783 0 1 0 0
13333_2021.01_0004_41723893 0 1 0 0
13333_2021.01_0004_41724566 0 0 0 0
13333_2021.01_0004_41724571 0 0 0 0
13333_2021.01_0004_41723918 0 1 0 0
13333_2021.01_0004_41724573 0 0 0 0
13333_2021.01_0004_41724422 0 0 1 0
13333_2021.01_0004_41724572 0 0 0 0
13333_2021.01_0004_41724587 0 0 0 0
13333_2021.01_0004_41724033 0 1 0 0
13333_2021.01_0004_41724570 0 0 0 0
13333_2021.01_0004_41724593 0 0 0 0
13333_2021.01_0004_41724215 0 0 0 0
13333_2021.01_0004_41724598 0 0 0 0
13333_2021.01_0004_41724567 0 0 0 0
13333_2021.01_0004_41724568 0 0 0 0
13333_2021.01_0004_41724574 0 0 0 0
13333_2021.01_0004_41724582 0 1 0 0
13333_2021.01_0000_41224567 0 1 1 0
13333_2021.01_0000_41224617 1 0 1 0
13333_2021.01_0000_41224395 0 0 1 0
13333_2021.01_0000_41225642 0 1 0 0
13333_2021.01_0000_41223967 1 0 0 0
13333_2021.01_0000_41224354 0 1 0 0
13333_2021.01_0000_41224069 0 1 0 0
13333_2021.01_0000_41223924 0 0 0 0
13333_2021.01_0000_41225618 0 0 0 0
13333_2021.01_0000_41225574 0 1 1 0
13333_2021.01_0000_41224708 1 0 1 0
13333_2021.01_0000_41224861 0 1 1 0
13333_2021.01_0000_41224367 0 1 0 0
13333_2021.01_0000_41224097 0 0 1 0
13333_2021.01_0005_41459046 0 0 0 1
13333_2021.01_0005_41459196 0 0 0 0
13333_2021.01_0005_41459076 0 0 0 1
13333_2021.01_0005_41459039 0 0 0 1
13333_2021.01_0005_41459041 0 0 0 1
13333_2021.01_0005_41459203 1 0 0 0
13333_2021.01_0005_41459000 0 0 0 1
13333_2021.01_0005_41459038 0 0 0 1
13333_2021.01_0005_41459043 0 0 0 1
13333_2021.01_0005_41459066 0 0 0 1
13333_2021.01_0005_41459042 0 0 1 1
13333_2021.01_0005_41459032 0 0 0 1
13333_2021.01_0005_41459035 0 0 0 1
13333_2021.06_0000_48587359 0 0 0 0
13333_2021.06_0000_48587447 0 1 0 0
13333_2021.06_0000_48586898 0 0 0 1
13333_2021.06_0000_48587193 0 0 0 0
13333_2021.06_0000_48587122 0 0 0 0
13333_2021.06_0000_48587064 0 0 0 0
13333_2021.06_0000_48586815 0 1 0 0
13333_2021.06_0000_48586793 0 1 0 0
13333_2021.06_0000_48586851 0 1 0 0
13333_2021.06_0000_48586764 0 0 0 0
13333_2021.06_0000_48587256 0 0 0 0
13333_2021.06_0000_48587044 0 0 1 0
13333_2021.06_0000_48586752 0 0 1 0
13333_2021.06_0000_48587098 0 0 0 0
13333_2021.06_0000_48587060 0 0 0 0
13333_2021.06_0000_48586737 0 0 1 0
13333_2021.03_0002_42874388 0 1 1 0
13333_2021.03_0002_42874498 0 1 0 0
13333_2021.03_0002_42874428 1 0 1 0
13333_2021.03_0002_42874833 0 0 0 0
13333_2021.03_0002_42874780 1 0 0 0
13333_2021.03_0002_42874741 0 0 0 0
13333_2021.03_0002_42874618 1 0 0 0
13333_2021.03_0002_42874734 0 0 0 0
13333_2021.03_0002_42874774 0 0 0 0
13333_2021.03_0002_42874735 0 0 0 0
13333_2021.03_0002_42874812 0 0 0 0
13333_2021.03_0002_42874645 1 0 0 0
13333_2021.03_0002_42874496 0 1 0 0
13333_2021.03_0002_42873911 0 0 0 0
13333_2021.03_0002_42874601 1 1 0 0
13333_2021.03_0002_42874731 0 0 0 0
13333_2021.03_0002_42874630 0 0 0 0
13333_2021.03_0002_42874364 0 0 0 0
13333_2021.03_0002_42874779 0 0 0 0
13333_2021.03_0002_42874062 1 1 0 0
13333_2021.03_0002_42874632 1 0 1 0
13333_2021.03_0002_42874790 0 0 0 0
13333_2021.03_0002_42874063 0 1 0 0
13333_2021.03_0002_42874087 1 1 0 0
13333_2021.03_0002_42874284 0 1 0 0
13333_2021.03_0002_42874016 1 1 1 0
13333_2021.03_0002_42874073 1 1 0 0
13333_2021.03_0002_42874785 0 0 0 0
13333_2021.03_0002_42874770 0 0 0 0
13333_2021.03_0002_42874571 0 1 0 0
13333_2021.03_0002_42874112 0 1 0 0
13333_2021.03_0002_42874082 0 1 0 0
13333_2021.03_0002_42874772 0 0 0 0
13333_2021.03_0002_42874429 1 0 1 0
13333_2021.03_0002_42874816 0 0 0 0
13333_2021.03_0002_42874022 0 1 0 0
13333_2021.03_0002_42874829 0 0 0 0
13333_2021.03_0002_42874591 1 0 0 0
13333_2021.03_0002_42874797 0 0 0 0
13333_2021.03_0002_42874729 1 0 0 0
13333_2021.03_0002_42874298 0 1 0 0
13333_2021.03_0002_42874342 0 1 0 0
13333_2021.03_0002_42874297 0 1 0 0
13333_2021.03_0002_42874675 0 0 0 0
13333_2021.03_0002_42874572 0 1 0 0
13333_2021.03_0002_42874778 0 0 0 0
13333_2021.03_0002_42874558 0 1 0 0
13333_2021.03_0002_42874544 0 1 0 0
13333_2021.03_0002_42874804 0 0 0 0
13333_2021.03_0002_42874839 0 0 0 0
13333_2021.03_0002_42874326 0 1 1 0
13333_2021.03_0002_42874503 0 1 0 0
13333_2021.03_0002_42874461 0 1 0 0
13333_2021.03_0002_42874344 0 1 1 0
13333_2021.03_0002_42874028 1 1 0 0
13333_2021.03_0002_42874809 0 0 0 0
13333_2021.03_0002_42874634 1 0 0 0
13333_2021.03_0002_42874398 0 1 1 0
13333_2021.03_0002_42874775 0 0 0 0
13333_2021.03_0002_42874776 0 0 0 0
13333_2021.03_0002_42874064 0 0 0 0
13333_2021.03_0002_42874173 1 1 0 0
13333_2021.03_0002_42874773 0 0 0 0
13333_2021.03_0002_42874820 0 0 0 0
13333_2021.03_0002_42874611 0 1 0 0
13333_2021.03_0002_42874287 0 1 0 0
13333_2021.03_0002_42874502 0 1 0 0
13333_2021.03_0002_42874793 0 0 0 0
13333_2021.03_0002_42874504 0 1 0 0
13333_2021.03_0002_42874585 0 0 0 0
13333_2021.03_0002_42874327 0 1 1 0
13333_2021.03_0002_42874777 0 0 0 0
13333_2021.03_0002_42874631 1 0 0 0
13333_2021.03_0002_42874665 1 0 0 0
13333_2021.03_0002_42874771 0 0 0 0
13333_2021.03_0002_42874650 1 0 0 0
13333_2021.03_0002_42874274 0 0 0 0
13333_2021.03_0002_42874568 0 1 0 0
13333_2021.03_0002_42874501 0 1 0 0
13333_2021.03_0002_42874813 0 0 0 0
13333_2021.10_0001_53188295 0 0 0 0
13333_2021.10_0001_53186746 0 1 0 0
13333_2021.10_0001_53188327 0 1 0 0
13333_2021.10_0001_53188386 0 0 0 0
13333_2021.10_0001_53186606 0 0 0 0
13333_2021.10_0001_53187692 0 1 0 0
13333_2021.10_0001_53188331 0 0 0 0
13333_2021.10_0001_53186293 0 0 0 0
13333_2021.10_0001_53186455 0 0 0 0
13333_2021.10_0001_53186426 0 0 0 0
13333_2021.10_0001_53186390 0 0 0 0
13333_2021.10_0001_53187701 0 1 0 0
13333_2021.10_0001_53183253 1 0 0 0
13333_2021.10_0001_53188325 0 0 0 0
13333_2021.10_0001_53186761 0 1 0 0
13333_2021.10_0001_53188318 0 0 0 0
13333_2021.10_0001_53188360 0 0 0 0
13333_2021.10_0001_53188288 0 0 0 0
13333_2021.10_0001_53188329 0 0 0 0
13333_2021.10_0001_53187988 1 1 0 0
13333_2021.10_0001_53188317 0 0 0 0
13333_2021.10_0001_53186919 0 1 0 0
13333_2021.10_0001_53188293 1 0 0 0
13333_2021.10_0001_53188389 0 0 0 0
13333_2021.10_0001_53187749 1 0 0 0
13333_2021.10_0001_53187075 0 0 0 0
13333_2021.10_0001_53185795 0 0 0 0
13333_2021.10_0001_53186941 0 0 0 0
13333_2021.10_0001_53188056 1 0 0 0
13333_2021.10_0001_53188130 1 0 0 0
13333_2021.10_0001_53188376 0 0 0 0
13333_2021.10_0001_53185604 0 0 0 0
13333_2021.10_0001_53188306 0 0 0 0
13333_2021.10_0001_53188285 0 0 0 0
13333_2021.10_0001_53187661 0 1 0 0
13333_2021.10_0001_53188328 0 0 0 0
13333_2021.10_0001_53186401 0 0 0 0
13333_2021.10_0001_53186582 0 0 0 0
13333_2021.10_0001_53186760 0 0 0 0
13333_2021.10_0001_53186362 0 0 0 0
13333_2021.10_0001_53188320 0 0 0 0
13333_2021.10_0001_53188323 0 1 0 1
13333_2021.10_0001_53186927 0 0 0 0
13333_2021.10_0001_53182949 0 0 0 0
13333_2021.10_0001_53188322 0 0 0 0
13333_2021.10_0001_53186962 0 0 0 0
13333_2021.10_0001_53188290 0 0 0 0
13333_2021.10_0001_53188363 0 0 0 0
13333_2021.10_0001_53186638 0 0 0 0
13333_2021.10_0001_53186385 0 0 0 0
13333_2021.10_0001_53187232 1 0 0 0
13333_2021.10_0001_53187719 0 1 0 0
13333_2021.10_0001_53182992 0 0 0 0
13333_2021.10_0001_53185554 0 0 0 0
13333_2021.10_0001_53186763 0 1 0 0
13333_2021.10_0001_53188399 0 0 0 0
13333_2021.10_0001_53188366 0 0 0 0
13333_2021.10_0001_53188094 1 0 0 0
13333_2021.10_0001_53188324 0 1 0 1
13333_2021.10_0001_53186600 0 0 0 0
13333_2021.10_0001_53188300 0 0 0 0
13333_2021.10_0001_53186657 0 0 0 0
13333_2021.10_0001_53188321 0 0 0 0
13333_2021.10_0001_53186930 0 0 0 0
13333_2021.10_0001_53186750 0 1 0 0
13333_2021.10_0001_53186337 0 0 0 0
13333_2021.10_0001_53188332 0 0 0 0
13333_2021.10_0001_53188330 0 0 0 0
13333_2021.10_0001_53187993 1 1 0 0
13333_2021.10_0001_53186563 0 0 0 0
13333_2021.10_0001_53188347 0 0 0 0
13333_2021.10_0001_53186538 0 0 0 0
13333_2021.10_0001_53187924 1 1 0 0
13333_2021.10_0001_53187796 0 1 0 0
13333_2021.10_0001_53187290 0 0 0 0
13333_2021.10_0001_53186573 0 0 0 0
13333_2021.10_0001_53188058 1 0 0 0
13333_2021.10_0001_53186367 0 0 0 0
13333_2021.10_0001_53187784 1 0 0 0
13333_2021.10_0001_53188336 0 0 0 0
13333_2021.10_0001_53183009 0 0 0 0
13333_2021.10_0001_53188341 0 0 0 0
13333_2021.04_0003_44800957 0 0 0 0
13333_2021.04_0003_44800992 0 1 0 0
13333_2021.04_0003_44801021 0 0 0 0
13333_2021.04_0003_44801019 0 0 0 0
13333_2021.04_0003_44800983 0 0 0 0
13333_2021.04_0003_44801046 0 0 0 0
13333_2021.04_0003_44800995 0 1 0 0
13333_2021.04_0003_44800997 0 1 0 0
13333_2021.04_0003_44801026 0 0 0 0
13333_2021.04_0003_44800690 0 0 1 0
13333_2021.04_0003_44801023 0 0 0 0
13333_2021.04_0003_44800679 0 0 0 0
13333_2021.04_0003_44801039 0 0 0 0
13333_2021.04_0003_44801015 0 0 0 0
13333_2021.04_0003_44800999 0 1 0 0
13333_2021.04_0003_44801016 0 0 0 0
13333_2021.04_0003_44800988 0 0 0 0
13333_2021.04_0003_44801025 0 0 0 0
13333_2021.04_0003_44800989 0 0 0 0
13333_2021.04_0003_44801047 0 0 0 0
13333_2021.04_0003_44800695 0 0 0 0
13333_2021.04_0003_44801043 0 0 0 0
13333_2021.04_0003_44801044 0 0 0 0
13333_2021.04_0003_44800991 0 0 0 0
13333_2021.04_0003_44800938 0 0 0 0
13333_2021.04_0000_44779643 0 0 0 0
13333_2021.04_0000_44779626 0 0 0 0
13333_2021.04_0000_44779641 0 0 0 0
13333_2021.04_0000_44779491 0 0 0 0
13333_2021.04_0000_44779610 0 0 0 0
13333_2021.04_0000_44779617 0 0 0 0
13333_2021.04_0000_44779489 0 0 0 0
13333_2021.04_0000_44779611 0 0 0 0
13333_2021.04_0000_44779393 0 0 0 0
13333_2021.04_0000_44779605 0 0 0 0
13333_2021.04_0000_44779487 0 0 0 0
13333_2021.04_0000_44779333 0 0 0 0
13333_2021.04_0000_44779615 0 0 0 0
13333_2021.04_0000_44779619 0 0 0 0
13333_2021.04_0000_44779608 0 0 0 0
13333_2021.04_0000_44777746 0 0 0 0
13333_2021.04_0000_44779602 0 0 1 0
13333_2021.04_0000_44779391 0 0 0 0
13333_2021.04_0000_44779435 0 0 0 0
13333_2021.04_0000_44779642 0 0 0 0
13333_2021.04_0000_44779437 0 0 0 0
13333_2021.04_0000_44779623 0 0 0 0
13333_2021.04_0000_44779395 1 0 0 0
13333_2021.04_0000_44779481 0 0 0 0
13333_2021.04_0000_44779422 1 0 0 0
13333_2021.04_0000_44779650 0 0 0 0
13333_2021.04_0000_44779320 1 0 0 0
13333_2021.04_0000_44779483 0 0 0 0
13333_2021.04_0000_44779644 0 0 0 0
13333_2021.04_0000_44779614 0 0 0 0
13333_2021.04_0000_44779482 0 0 0 0
13333_2021.04_0000_44779390 0 0 0 0
13333_2021.04_0000_44779389 0 0 0 0
13333_2021.04_0000_44777725 1 0 0 0
13333_2021.04_0000_44777751 1 0 0 0
13333_2021.04_0000_44779319 1 0 0 0
13333_2021.04_0000_44779616 0 0 0 0
13333_2021.04_0000_44779369 0 0 0 0
13333_2021.04_0000_44779353 0 0 0 0
13333_2021.04_0000_44779488 0 0 0 0
